0 1 0.027124774
0 2 0.0018083183
0 3 0.047016274
0 4 0.005424955
0 6 0.0018083183
0 13 0.0018083183
0 25 0.005424955
0 41 0.0
0 45 0.0
0 52 0.034358047
0 56 0.047016274
0 57 0.009041592
0 76 0.0018083183
0 78 0.047016274
0 86 0.023508137
0 99 0.32188064
0 110 0.034358047
0 138 0.0
0 229 0.32188064
1 2 0.11594203
1 3 0.072463766
1 4 0.014492754
1 5 0.072463766
1 8 0.072463766
1 19 0.0
1 23 0.0
1 24 0.0
1 29 0.0
1 35 0.0
1 42 0.0
1 44 0.0
1 45 0.0
1 48 0.0
1 49 0.072463766
1 51 0.0
1 63 0.0
1 64 0.072463766
1 66 0.0
1 106 0.0
1 134 0.11594203
1 139 0.0
1 143 0.0
1 229 0.0
2 3 0.1758794
2 4 0.015075377
2 6 0.030150754
2 13 0.030150754
2 19 0.0
2 23 0.0050251256
2 32 0.0
2 45 0.0
2 66 0.030150754
2 73 0.06030151
2 75 0.08040201
2 94 0.030150754
2 100 0.1758794
2 229 0.085427135
3 0 0.02710027
3 4 0.043360434
3 13 0.02710027
3 17 0.2710027
3 19 0.0
3 24 0.0
3 27 0.048780486
3 44 0.0
3 59 0.2710027
3 173 0.0
3 215 0.0
4 1 0.025316456
4 4 0.0
4 5 0.62025315
4 8 0.0
4 10 0.0
4 11 0.62025315
4 22 0.0
4 25 0.012658228
4 28 0.0
4 29 0.0
4 31 0.62025315
4 32 0.0
4 45 0.0
4 56 0.0
4 57 0.0
4 62 0.0
4 89 0.0
4 156 0.0
4 160 0.0
4 229 0.0
5 1 9.6432015E-4
5 2 0.030858245
5 4 0.0
5 6 0.22661524
5 8 0.0028929606
5 16 0.0028929606
5 20 0.0
5 28 0.22661524
5 29 0.0
5 30 0.0028929606
5 35 0.0028929606
5 38 0.0
5 39 0.0028929606
5 42 9.6432015E-4
5 45 9.6432015E-4
5 50 0.22661524
5 57 0.005785921
5 58 0.0
5 60 0.013500482
5 64 0.015429122
5 75 0.015429122
5 76 0.22661524
5 91 0.015429122
5 95 0.015429122
5 199 0.015429122
5 229 0.015429122
6 7 0.32188064
6 12 0.0018083183
6 37 0.0036166366
6 60 0.009041592
6 70 0.0036166366
6 80 0.0
6 84 0.0036166366
6 88 0.005424955
6 113 0.016274864
6 114 0.0
6 125 0.034358047
6 140 0.0036166366
6 162 0.047016274
6 164 0.0
7 3 0.10714286
7 4 0.0023809525
7 5 0.042857144
7 13 0.09761905
7 19 0.0
7 23 0.0
7 24 0.026190476
7 153 0.0
8 1 0.0
8 2 0.0
8 4 0.043360434
8 5 0.2710027
8 10 0.0
8 16 0.0
8 19 0.0
8 21 0.02710027
8 22 0.0
8 24 0.0
8 25 0.0
8 28 0.02710027
8 29 0.0054200543
8 32 0.0
8 43 0.043360434
8 45 0.0
8 49 0.0
8 52 0.2710027
8 57 0.17073171
8 59 0.2710027
8 60 0.0
8 62 0.0027100272
8 69 0.2710027
8 92 0.2710027
8 148 0.0
8 182 0.0
8 229 0.0027100272
9 1 0.0
9 4 0.0
9 10 0.5
9 16 0.0
9 17 0.0
9 19 0.024691358
9 24 0.0
9 28 0.0
9 36 0.0
9 39 0.0
9 43 0.0
9 51 0.0
9 57 0.0
9 60 0.0
9 64 0.0
9 79 0.0
9 86 0.0
9 95 0.0
9 101 0.0
9 144 0.0
9 164 0.5
9 167 0.0
9 229 0.0
10 1 0.0
10 2 0.0
10 4 0.13333334
10 9 0.0
10 21 0.0
10 23 0.0
10 24 0.0
10 28 0.0
10 34 0.0
10 35 0.044444446
10 39 0.0
10 52 0.6888889
10 57 0.0
10 64 0.6888889
10 67 0.0
10 69 0.6888889
10 73 0.0
10 90 0.0
10 105 0.0
10 106 0.06666667
10 108 0.0
10 137 0.0
10 229 0.06666667
11 12 0.031822566
11 140 0.06846673
12 4 0.0
12 6 0.08235294
12 13 0.08235294
12 19 0.0
12 123 0.0
12 169 0.011764706
13 4 0.005424955
13 5 0.034358047
13 8 0.047016274
13 10 0.0
13 11 0.034358047
13 22 0.023508137
13 25 0.005424955
13 28 0.0018083183
13 31 0.034358047
13 32 0.0
13 52 0.034358047
13 54 0.32188064
13 56 0.047016274
13 64 0.034358047
13 93 0.009041592
13 156 0.009041592
13 160 0.32188064
13 229 0.32188064
14 4 0.0
14 15 0.26923078
14 19 0.0
14 23 0.0
14 24 0.025641026
14 28 0.025641026
14 39 0.0
14 42 0.0
14 56 0.0
14 57 0.0
14 59 0.102564104
14 73 0.0
14 100 0.0
14 106 0.0
14 110 0.102564104
14 115 0.0
14 135 0.0
15 2 0.014662757
15 4 0.0029325513
15 16 0.08211144
15 17 0.026392963
15 41 0.0
15 45 0.0
15 95 0.0
15 199 0.026392963
16 7 0.0027100272
16 14 0.0
16 17 0.2710027
16 27 0.048780486
16 44 0.0
16 76 0.02710027
16 88 0.0054200543
16 111 0.0
16 136 0.0
16 146 0.0027100272
17 4 0.0
17 9 0.005785921
17 13 0.22661524
17 18 0.026036644
17 77 0.015429122
17 93 0.013500482
17 144 0.005785921
17 150 0.0
18 4 0.0
18 19 0.7195122
19 1 0.0
19 4 0.0
19 11 0.12307692
19 22 0.0
19 25 0.0
19 28 0.0
19 45 0.0
19 53 0.0
19 56 0.0
19 57 0.015384615
19 62 0.0
19 86 0.0
19 105 0.0
19 126 0.0
19 133 0.0
19 220 0.0
19 229 0.0
20 9 0.0
20 17 0.0234375
20 21 0.1953125
20 23 0.0
20 30 0.0
20 94 0.1953125
20 96 0.0
20 100 0.0078125
20 128 0.0078125
20 201 0.0078125
21 1 0.027124774
21 4 0.005424955
21 8 0.047016274
21 10 0.0
21 13 0.0018083183
21 19 0.0
21 38 0.009041592
21 45 0.0
21 57 0.009041592
21 64 0.034358047
21 89 0.32188064
21 137 0.0
21 165 0.034358047
21 229 0.32188064
22 0 0.0
22 5 0.19354838
22 8 0.0
22 9 0.0
22 10 0.0
22 20 0.0
22 23 0.09677419
22 24 0.0
22 34 0.0
22 44 0.0
22 57 0.0
22 59 0.19354838
22 64 0.19354838
22 67 0.0
22 68 0.0
22 90 0.0
22 92 0.19354838
22 94 0.0
22 96 0.0
22 105 0.0
22 106 0.0
22 134 0.0
23 1 0.0
23 4 0.0
23 10 0.0
23 19 0.0
23 24 0.11111111
23 34 0.0
23 57 0.0
23 59 0.055555556
23 67 0.0
24 1 0.0
24 4 0.0
24 5 0.0
24 8 0.0
24 10 0.027777778
24 11 0.0
24 22 0.027777778
24 25 0.083333336
24 28 0.0
24 32 0.0
24 39 0.0
24 43 0.0
24 45 0.0
24 49 0.0
24 54 0.0
24 56 0.0
24 57 0.0
24 62 0.0
24 69 0.0
24 89 0.0
24 129 0.0
24 133 0.0
24 165 0.0
24 229 0.0
25 0 0.0
25 2 0.0
25 4 0.0
25 19 0.0
25 24 0.0
25 26 0.083333336
25 29 0.0
25 40 0.6111111
25 63 0.0
25 75 0.6111111
25 82 0.0
25 85 0.0
25 93 0.0
25 94 0.0
25 99 0.0
25 138 0.0
25 148 0.0
25 150 0.0
25 229 0.0
26 1 0.0
26 2 0.0
26 4 0.0
26 19 0.0
26 25 0.0
26 42 0.0
26 141 0.0
26 155 0.0
26 188 0.0
26 229 0.0
27 2 0.016806724
27 3 0.008403362
27 4 0.0
27 5 0.021008404
27 9 0.004201681
27 13 0.075630255
27 19 0.0
27 24 0.0
27 48 0.004201681
27 108 0.008403362
27 112 0.004201681
27 144 0.004201681
27 202 0.008403362
28 0 0.0018083183
28 2 0.0018083183
28 5 0.034358047
28 6 0.0018083183
28 23 0.0018083183
28 29 0.0036166366
28 63 0.0018083183
28 66 0.023508137
28 73 0.009041592
29 2 0.0
29 3 0.0
29 4 0.0
29 6 0.0
29 10 0.0
29 13 0.0
29 16 0.0
29 23 0.0
29 24 0.0
29 28 0.0
29 30 0.055555556
29 32 0.0
29 35 0.6388889
29 36 0.0
29 38 0.0
29 39 0.0
29 42 0.0
29 45 0.0
29 69 0.0
29 71 0.0
29 73 0.0
29 76 0.0
29 85 0.0
29 87 0.0
29 95 0.0
29 100 0.0
29 101 0.0
29 109 0.0
29 112 0.0
29 121 0.0
29 129 0.0
29 155 0.0
29 165 0.0
29 169 0.0
29 176 0.0
29 186 0.0
29 187 0.0
29 216 0.0
29 229 0.0
30 3 0.0
30 4 0.0
30 5 0.06451613
30 13 0.09677419
30 19 0.0
30 24 0.0
30 28 0.09677419
30 57 0.0
30 108 0.0
30 112 0.0
31 0 0.22661524
31 2 0.030858245
31 4 0.0
31 5 0.015429122
31 19 9.6432015E-4
31 23 9.6432015E-4
31 34 0.0
31 44 0.026036644
31 68 0.22661524
31 73 0.013500482
31 77 0.015429122
31 86 0.0028929606
31 90 0.030858245
31 106 0.015429122
31 108 0.0028929606
31 148 0.0019286403
32 2 0.005235602
32 3 0.0
32 4 0.0
32 5 0.005235602
32 19 0.0
32 29 0.020942409
32 30 0.005235602
32 33 0.12565444
32 44 0.0
32 59 0.005235602
32 62 0.12565444
32 63 0.0
32 73 0.0
32 92 0.005235602
32 94 0.005235602
32 96 0.0
32 100 0.0
32 109 0.0
32 118 0.005235602
32 139 0.015706806
32 153 0.0
33 1 0.0
33 2 0.08809524
33 6 0.09761905
33 8 0.10714286
33 29 0.016666668
33 32 0.0
33 41 0.0
33 45 0.0
33 229 0.0
34 1 0.0
34 4 0.0
34 10 0.0
34 28 0.0
34 29 0.0
34 36 0.0
34 39 0.0
34 56 0.0
34 57 0.0
34 138 0.0
34 188 0.0
34 229 0.0
35 2 0.017777778
35 4 0.0
35 5 0.33777776
35 6 0.0044444446
35 20 0.0044444446
35 22 0.0
35 23 0.0
35 24 0.0
35 36 0.43555555
35 39 0.0
35 60 0.0
35 66 0.0
35 67 0.026666667
35 69 0.33777776
35 101 0.0
35 106 0.008888889
35 112 0.0
36 2 0.03521127
36 4 0.0
36 5 0.01056338
36 6 0.1971831
36 16 0.0035211267
36 23 0.0
36 24 0.0
36 39 0.0035211267
36 52 0.01056338
36 60 0.0035211267
36 66 0.0
36 76 0.1971831
36 100 0.0035211267
36 104 0.0070422534
36 109 0.01056338
36 135 0.01056338
36 164 0.0
36 183 0.0
36 186 0.0
36 203 0.0
37 0 0.010362694
37 2 0.0
37 4 0.0
37 5 0.020725388
37 9 0.005181347
37 19 0.0
37 23 0.0
37 24 0.0
37 28 0.010362694
37 29 0.0
37 77 0.0
37 155 0.0
37 229 0.0
38 2 0.10344828
38 4 0.0
38 5 0.03448276
38 19 0.0
38 23 0.0
38 24 0.0
38 34 0.0
38 39 0.03448276
38 48 0.0
38 58 0.0
38 94 0.03448276
38 99 0.0
38 167 0.0
38 185 0.0
38 223 0.0
39 0 0.02710027
39 2 0.0
39 4 0.043360434
39 5 0.2710027
39 6 0.02710027
39 9 0.17073171
39 21 0.02710027
39 22 0.0
39 23 0.0
39 24 0.0
39 29 0.0054200543
39 32 0.0
39 34 0.0054200543
39 38 0.0
39 45 0.0
39 56 0.0
39 58 0.0
39 60 0.0
39 64 0.2710027
39 69 0.2710027
39 99 0.0027100272
39 108 0.0
39 109 0.008130081
39 143 0.0
39 167 0.0
39 169 0.2710027
39 176 0.0027100272
39 180 0.0
39 229 0.0027100272
40 1 9.6432015E-4
40 2 0.030858245
40 4 0.0
40 19 9.6432015E-4
40 25 0.0
40 28 0.22661524
40 41 0.026036644
40 58 0.0
40 99 0.015429122
40 197 0.0028929606
40 229 0.015429122
41 0 0.0
41 2 0.0
41 4 0.0
41 5 0.0
41 15 0.0
41 17 0.0
41 44 0.0
41 59 0.0
41 101 0.0
41 129 0.0
41 155 0.0
42 4 0.0
42 19 0.0
42 30 0.0
42 100 0.0
42 118 0.12307692
43 2 0.0078125
43 4 0.0
43 5 0.0234375
43 9 0.0
43 13 0.1953125
43 15 0.09375
43 17 0.0234375
43 19 0.0
43 23 0.0
43 34 0.0
43 48 0.0234375
43 67 0.09375
43 90 0.0078125
44 1 0.0
44 2 0.0
44 4 0.0
44 6 0.0
44 19 0.7195122
44 25 0.0
44 28 0.0
44 29 0.0
44 36 0.0
44 41 0.0
44 45 0.7195122
44 52 0.0
44 58 0.0
44 66 0.0
44 69 0.0
44 78 0.0
44 112 0.0
44 183 0.0
45 4 0.0
45 9 0.015384615
45 10 0.0
45 46 0.30769232
45 60 0.0
45 61 0.0
45 70 0.0
45 72 0.0
45 80 0.0
45 84 0.0
45 104 0.015384615
45 107 0.0
45 113 0.30769232
45 114 0.0
45 116 0.0
45 119 0.0
45 121 0.0
45 162 0.0
45 164 0.0
45 179 0.30769232
45 195 0.0
46 14 0.0
46 47 0.075630255
46 80 0.0
47 0 0.0018083183
47 3 0.047016274
47 4 0.005424955
47 5 0.034358047
47 6 0.0018083183
47 10 0.0
47 19 0.0
47 23 0.0018083183
47 24 0.0
47 44 0.0
47 59 0.034358047
47 105 0.0
48 1 0.0
48 2 0.08809524
48 4 0.0023809525
48 19 0.0
48 29 0.016666668
48 36 0.0023809525
48 39 0.10714286
48 50 0.09761905
48 51 0.0
48 52 0.042857144
48 58 0.0
48 75 0.042857144
48 100 0.10714286
48 225 0.01904762
49 0 0.02710027
49 4 0.043360434
49 5 0.2710027
49 19 0.0
49 20 0.043360434
49 23 0.0
49 24 0.0
49 29 0.0054200543
49 30 0.0
49 50 0.02710027
49 69 0.2710027
49 106 0.0027100272
49 108 0.0
49 183 0.048780486
49 214 0.0
50 51 0.023508137
50 61 0.0018083183
50 72 0.0018083183
50 104 0.009041592
50 164 0.0
50 179 0.016274864
50 194 0.0018083183
50 195 0.032549728
50 206 0.32188064
50 226 0.005424955
51 4 0.03773585
51 19 0.0
51 24 0.0
51 48 0.018867925
51 52 0.6981132
51 115 0.018867925
51 199 0.6981132
52 0 0.22661524
52 2 0.030858245
52 4 0.0
52 13 0.22661524
52 20 0.0
52 21 0.22661524
52 23 9.6432015E-4
52 24 0.0
52 34 0.0
52 76 0.22661524
52 81 0.015429122
52 97 0.015429122
52 101 0.005785921
52 112 0.0
52 148 0.0019286403
52 150 0.0
52 164 0.0
52 182 0.0028929606
53 1 0.019607844
53 2 0.0
53 6 0.0
53 10 0.0
53 25 0.0
53 28 0.0
53 54 0.39215687
53 57 0.05882353
53 77 0.39215687
53 229 0.39215687
54 2 0.08809524
54 5 0.042857144
54 14 0.0
54 32 0.0
54 37 0.0
54 111 0.0
54 122 0.10714286
54 140 0.0
54 155 0.0
54 159 0.026190476
55 56 0.31764707
55 102 0.0
56 1 0.0
56 2 0.0
56 6 0.02710027
56 8 0.0
56 10 0.0
56 17 0.2710027
56 22 0.0
56 25 0.0
56 29 0.0054200543
56 31 0.2710027
56 32 0.0
56 33 0.0027100272
56 35 0.035230353
56 38 0.0
56 39 0.0
56 43 0.043360434
56 45 0.0
56 50 0.02710027
56 54 0.0027100272
56 57 0.17073171
56 59 0.2710027
56 62 0.0027100272
56 63 0.0
56 67 0.0027100272
56 76 0.02710027
56 89 0.0027100272
56 95 0.0027100272
56 102 0.0
56 105 0.0
56 106 0.0027100272
56 123 0.17073171
56 133 0.0
56 135 0.0
56 138 0.0054200543
56 163 0.17073171
56 187 0.2710027
56 229 0.0027100272
57 1 0.0
57 2 0.0
57 4 0.0
57 5 0.0
57 8 0.0
57 9 0.0
57 13 0.0
57 17 0.0
57 19 0.024691358
57 21 0.0
57 23 0.0
57 24 0.0
57 28 0.0
57 29 0.0
57 34 0.0
57 43 0.0
57 59 0.0
57 63 0.0
57 64 0.0
57 67 0.0
57 73 0.0
57 90 0.0
57 105 0.055555556
57 106 0.0
57 108 0.0
57 115 0.0
57 145 0.0
57 229 0.0
58 2 0.0
58 16 0.0
58 19 0.0
58 23 0.0
58 30 0.0
58 36 0.033333335
58 52 0.6888889
58 67 0.0
58 75 0.6888889
58 103 0.6888889
58 118 0.6888889
58 175 0.6888889
59 1 9.6432015E-4
59 2 0.030858245
59 4 0.0
59 6 0.22661524
59 28 0.22661524
59 29 0.0
59 30 0.0028929606
59 31 0.015429122
59 39 0.0028929606
59 42 9.6432015E-4
59 45 9.6432015E-4
59 57 0.005785921
59 78 0.0028929606
59 138 0.009643202
59 229 0.015429122
60 4 0.08235294
60 5 0.09411765
60 6 0.105882354
60 9 0.023529412
60 27 0.0
60 47 0.105882354
60 61 0.105882354
60 72 0.0
60 88 0.023529412
60 119 0.105882354
60 139 0.011764706
60 157 0.0
60 166 0.0
60 179 0.0
60 219 0.0
60 226 0.0
61 4 0.005424955
61 5 0.034358047
61 6 0.0018083183
61 13 0.0018083183
61 19 0.0
61 24 0.0
61 25 0.005424955
61 93 0.009041592
61 135 0.0018083183
61 139 0.02169982
61 148 0.0
61 150 0.005424955
61 151 0.0072332732
62 0 0.09761905
62 4 0.0023809525
62 5 0.042857144
62 10 0.0
62 13 0.09761905
62 24 0.026190476
62 25 0.0
62 30 0.0
62 34 0.016666668
62 39 0.10714286
62 57 0.030952381
62 63 0.05952381
62 68 0.09761905
62 69 0.042857144
62 92 0.042857144
62 100 0.10714286
62 106 0.0
62 118 0.042857144
62 134 0.08809524
62 139 0.0023809525
62 173 0.0
63 1 0.0
63 2 0.0
63 4 0.022988506
63 6 0.0
63 8 0.0
63 19 0.0
63 29 0.0
63 39 0.0
63 45 0.0
63 57 0.0
63 58 0.0
63 64 0.7816092
63 65 0.0
63 75 0.7816092
63 76 0.0
63 85 0.0
63 91 0.0
63 93 0.0
63 100 0.0
63 112 0.0
63 115 0.011494253
63 143 0.0
63 155 0.011494253
63 229 0.011494253
64 2 0.030858245
64 5 0.015429122
64 10 0.0
64 16 0.0028929606
64 19 9.6432015E-4
64 20 0.0
64 23 9.6432015E-4
64 24 0.0
64 29 0.0
64 34 0.0
64 39 0.0028929606
64 45 9.6432015E-4
64 52 0.015429122
64 69 0.015429122
64 73 0.013500482
64 85 0.0038572806
64 90 0.030858245
64 106 0.015429122
64 108 0.0028929606
64 135 0.005785921
64 143 0.0
64 187 0.015429122
65 2 0.0
65 4 0.0
65 29 0.0
65 42 0.0
65 109 0.0
65 139 0.0
66 3 0.0
66 4 0.0
66 13 0.0044444446
66 24 0.0
66 184 0.0
67 1 0.0
67 4 0.0029325513
67 10 0.0
67 19 0.0
67 21 0.06158358
67 28 0.06158358
67 29 0.0058651026
67 35 0.079178885
67 36 0.014662757
67 45 0.0
67 52 0.026392963
67 57 0.0029325513
67 64 0.026392963
67 95 0.0
67 105 0.0
67 109 0.011730205
67 229 0.0
68 1 0.027124774
68 4 0.005424955
68 10 0.0
68 45 0.0
68 56 0.047016274
68 57 0.009041592
68 58 0.0
68 229 0.32188064
69 6 0.22661524
69 54 0.015429122
69 76 0.22661524
69 83 0.004821601
69 120 0.015429122
69 128 0.023143684
69 138 0.009643202
69 170 0.0019286403
69 179 0.005785921
69 201 0.004821601
69 205 0.22661524
70 3 0.02173913
70 4 0.08695652
70 5 0.27173913
70 23 0.0
70 36 0.0
70 56 0.02173913
70 64 0.27173913
71 0 0.05
71 3 0.3
71 4 0.0
71 5 0.0
71 9 0.05
71 13 0.05
71 15 0.0
71 67 0.0
71 96 0.0
71 108 0.3
71 130 0.0
72 0 0.030150754
72 4 0.015075377
72 5 0.08040201
72 19 0.0
72 169 0.08040201
73 0 0.105882354
73 4 0.08235294
73 10 0.0
73 13 0.105882354
73 19 0.0
73 39 0.047058824
73 57 0.023529412
73 59 0.09411765
73 67 0.011764706
73 110 0.09411765
73 188 0.105882354
73 229 0.0
74 14 0.0
74 27 0.012658228
74 146 0.0
74 204 0.11392405
75 16 0.0028929606
75 19 9.6432015E-4
75 21 0.22661524
75 32 0.09161042
75 36 0.0038572806
75 45 9.6432015E-4
75 60 0.013500482
75 69 0.015429122
75 73 0.013500482
75 77 0.015429122
75 87 0.0038572806
75 94 0.22661524
75 186 0.0
75 199 0.015429122
75 229 0.015429122
76 3 0.047016274
76 4 0.005424955
76 5 0.034358047
76 6 0.0018083183
76 9 0.009041592
76 13 0.0018083183
76 19 0.0
76 20 0.0
76 23 0.0018083183
76 24 0.0
76 35 0.023508137
76 38 0.009041592
76 44 0.0
76 58 0.0
76 66 0.023508137
76 108 0.047016274
76 112 0.01084991
76 130 0.0
76 153 0.0
76 196 0.0
77 1 0.0
77 8 0.10714286
77 10 0.0
77 22 0.0
77 28 0.09761905
77 45 0.0
77 56 0.10714286
77 62 0.0
77 75 0.042857144
77 86 0.0
77 90 0.08809524
77 156 0.030952381
77 169 0.042857144
77 229 0.0
78 0 0.02710027
78 2 0.0
78 19 0.0
78 23 0.0
78 32 0.0
78 35 0.035230353
78 48 0.0027100272
78 64 0.2710027
78 71 0.0
78 93 0.0
78 96 0.0
78 109 0.008130081
78 183 0.048780486
78 223 0.0027100272
78 229 0.0027100272
79 51 0.0
79 169 0.0
80 0 0.0
80 3 0.0
80 4 0.13333334
80 9 0.0
80 13 0.0
80 17 0.6888889
80 19 0.0
80 21 0.0
80 23 0.0
80 24 0.0
80 33 0.06666667
80 44 0.0
80 50 0.0
80 56 0.0
80 60 0.0
80 77 0.06666667
80 81 0.6888889
80 90 0.0
80 93 0.0
80 101 0.0
80 105 0.0
80 151 0.0
80 223 0.0
80 229 0.06666667
81 4 0.0
81 19 9.6432015E-4
81 24 0.0
81 57 0.005785921
81 200 0.09161042
82 1 0.07853403
82 2 0.005235602
82 6 0.005235602
82 25 0.0
82 39 0.0
82 45 0.0
82 112 0.0
82 218 0.0
83 84 0.5875
83 88 0.0125
83 111 0.0
83 119 0.05
84 4 0.0029325513
84 5 0.026392963
84 19 0.0
84 82 0.0
84 123 0.0029325513
84 131 0.079178885
84 132 0.014662757
85 2 0.0
85 19 0.0
85 61 0.0
85 84 0.0
85 116 0.0
85 117 0.0
86 2 0.017777778
86 3 0.0
86 4 0.0
86 13 0.0044444446
86 19 0.0
86 20 0.0044444446
86 96 0.0
86 137 0.0
86 164 0.0
86 167 0.013333334
87 22 0.0
87 38 0.0
87 45 0.0
87 52 0.01056338
87 77 0.024647888
87 95 0.024647888
87 138 0.0035211267
87 165 0.01056338
87 229 0.024647888
88 4 0.0
88 5 0.025
88 13 0.0
88 19 0.0
88 42 0.0
88 108 0.125
88 112 0.0
89 2 0.08809524
89 4 0.0023809525
89 5 0.042857144
89 10 0.0
89 13 0.09761905
89 16 0.10714286
89 19 0.0
89 22 0.0
89 24 0.026190476
89 29 0.016666668
89 32 0.0
89 38 0.0
89 54 0.0
89 75 0.042857144
89 137 0.0
89 181 0.01904762
89 229 0.0
90 1 0.0
90 4 0.015075377
90 10 0.0
90 13 0.030150754
90 16 0.1758794
90 19 0.0
90 24 0.0
90 36 0.015075377
90 45 0.0
90 52 0.08040201
90 56 0.1758794
90 57 0.0
90 229 0.085427135
91 30 0.0
92 1 9.6432015E-4
92 25 0.0
92 29 0.0
92 45 9.6432015E-4
92 76 0.22661524
92 78 0.0028929606
92 134 0.030858245
92 229 0.015429122
93 2 0.0
93 4 0.08235294
93 9 0.023529412
93 20 0.023529412
93 24 0.023529412
93 69 0.09411765
93 94 0.105882354
93 108 0.047058824
93 148 0.0
94 0 0.0018083183
94 4 0.005424955
94 19 0.0
94 24 0.0
94 45 0.0
94 57 0.009041592
94 77 0.32188064
95 46 0.007142857
95 61 0.09761905
95 72 0.08809524
95 114 0.007142857
95 116 0.04047619
95 117 0.05952381
95 179 0.007142857
95 195 0.0
96 4 0.022988506
96 10 0.0
96 24 0.0
96 57 0.0
96 127 0.0
97 94 0.22661524
97 98 0.22661524
98 4 0.005424955
98 19 0.0
98 39 0.047016274
98 99 0.32188064
98 101 0.009041592
99 3 0.10714286
99 4 0.0023809525
99 42 0.0
99 94 0.09761905
99 101 0.030952381
100 4 0.043360434
100 20 0.043360434
100 34 0.0054200543
100 52 0.2710027
100 93 0.0
100 101 0.17073171
100 104 0.17073171
100 164 0.0
100 195 0.0
101 4 0.0
101 15 0.0
101 19 0.024691358
101 24 0.0
101 98 0.0
101 106 0.0
101 150 0.0
101 213 0.0
102 45 0.0
102 57 0.0
102 62 0.06666667
102 229 0.06666667
103 57 0.005785921
103 145 0.015429122
103 191 0.0
103 194 0.22661524
103 195 0.0
103 229 0.015429122
104 4 0.0
104 5 0.0
104 6 0.0
104 96 0.0
104 112 0.0
104 180 0.0
105 2 0.0
105 9 0.0
105 21 0.06666667
105 22 0.0
105 23 0.0
105 24 0.0
105 35 0.06666667
105 64 0.13333334
105 69 0.13333334
105 75 0.13333334
105 106 0.06666667
105 142 0.13333334
105 153 0.0
105 198 0.0
105 214 0.0
106 1 0.0
106 4 0.0023809525
106 10 0.0
106 24 0.026190476
106 28 0.09761905
106 36 0.0023809525
106 45 0.0
106 57 0.030952381
106 71 0.0
106 110 0.042857144
106 138 0.0023809525
106 152 0.01904762
106 188 0.09761905
106 229 0.0
107 4 0.0
107 21 0.0
107 69 0.115384616
107 71 0.0
107 93 0.0
107 112 0.0
108 1 0.0
108 2 0.0
108 4 0.043360434
108 6 0.02710027
108 10 0.0
108 29 0.0054200543
108 30 0.0
108 32 0.0
108 35 0.035230353
108 39 0.0
108 45 0.0
108 50 0.02710027
108 51 0.0
108 57 0.17073171
108 69 0.2710027
108 76 0.02710027
108 77 0.0027100272
108 95 0.0027100272
108 100 0.0
108 137 0.0
108 167 0.0
108 175 0.2710027
108 196 0.0
108 199 0.2710027
108 229 0.0027100272
109 20 0.0
109 23 0.0
109 48 0.05357143
109 66 0.017857144
109 81 0.16071428
109 93 0.035714287
109 149 0.035714287
109 209 0.017857144
110 111 0.06846673
110 136 9.6432015E-4
111 2 0.0
111 4 0.0
111 5 0.020725388
111 59 0.020725388
111 73 0.020725388
111 77 0.0
111 100 0.07772021
112 16 0.25925925
112 22 0.0
112 45 0.0
112 57 0.0
112 60 0.0
112 76 0.074074075
112 110 0.018518519
112 137 0.0
112 145 0.0
112 186 0.0
112 191 0.0
112 224 0.0
112 229 0.0
113 14 0.0
113 37 0.042016808
113 47 0.075630255
113 80 0.0
113 114 0.004201681
113 147 0.021008404
113 154 0.075630255
113 179 0.0
113 195 0.0
114 3 0.26086956
114 4 0.0
114 9 0.0
114 24 0.0
114 90 0.0
115 4 0.0023809525
115 23 0.0
115 29 0.016666668
115 48 0.0
115 59 0.042857144
115 73 0.01904762
115 106 0.0
116 4 0.0
116 9 0.0
116 13 0.0
116 15 0.0
116 123 0.0
116 129 0.0
116 131 0.0
116 181 0.0
117 4 0.022988506
117 59 0.7816092
118 4 0.0
118 19 9.6432015E-4
118 36 0.0038572806
118 51 0.0
118 168 0.030858245
118 169 0.015429122
118 203 0.0028929606
119 4 0.005424955
119 23 0.0018083183
119 24 0.0
119 69 0.034358047
120 121 0.0023809525
120 146 0.0
120 154 0.09761905
121 4 0.0
121 6 0.0
121 19 0.0
121 24 0.0
121 48 0.032258064
121 69 0.09677419
122 2 0.0
122 25 0.0
122 57 0.17073171
123 113 0.0
123 124 0.5
123 147 0.0
124 0 0.0
124 6 0.0
124 24 0.0
125 19 9.6432015E-4
125 24 0.0
125 207 0.030858245
126 29 0.020942409
126 193 0.005235602
127 11 0.074074075
127 52 0.074074075
127 56 0.074074075
127 68 0.0
127 75 0.074074075
127 86 0.0
127 127 0.0
127 160 0.0
128 7 0.0
128 66 0.0
128 88 0.0
128 111 0.0068965517
128 136 0.0
128 146 0.0
128 190 0.0
129 4 0.0
129 9 0.0
129 23 0.0
129 82 0.0
129 108 0.0
129 130 0.59375
129 150 0.0
129 164 0.0
130 1 0.03846154
130 2 0.0
130 24 0.0
130 45 0.0
130 89 0.115384616
130 90 0.0
130 133 0.0
130 135 0.0
131 84 0.026666667
131 117 0.0
132 2 0.03521127
132 5 0.01056338
132 15 0.056338027
132 50 0.1971831
132 128 0.02112676
133 1 0.0
133 2 0.4857143
133 10 0.0
133 24 0.0
133 28 0.0
133 41 0.0
133 57 0.0
133 77 0.0
133 86 0.0
133 229 0.0
134 3 0.1758794
134 10 0.0
134 19 0.0
134 23 0.0050251256
134 24 0.0
134 35 0.030150754
134 49 0.1758794
134 66 0.030150754
134 229 0.085427135
135 4 0.0
135 6 0.0
135 13 0.0
135 45 0.0
135 57 0.0
135 76 0.0
135 128 0.0
135 138 0.0
135 172 0.20833333
135 229 0.083333336
136 2 0.0
136 4 0.0
136 6 0.0
136 20 0.0
136 24 0.0
136 29 0.0
136 32 0.0
136 67 0.0
136 73 0.0
136 79 0.0
136 94 0.0
136 96 0.0
136 106 0.0
136 112 0.0
137 4 0.0
137 19 0.0
137 21 0.0
137 23 0.0
137 24 0.0
137 39 0.0
137 42 0.0
137 67 0.0
137 73 0.0
137 106 0.0
137 108 0.0
137 109 0.0
137 112 0.0
137 187 0.6111111
138 1 0.08064516
138 37 0.0
138 107 0.0
138 111 0.0
138 121 0.0
138 136 0.0
138 140 0.0
138 154 0.0
138 158 0.11290322
138 159 0.0
138 190 0.0
139 1 0.0035211267
139 2 0.03521127
139 4 0.0
139 29 0.0
139 39 0.0035211267
139 87 0.0
139 229 0.024647888
140 4 0.0
140 13 0.010362694
140 15 0.0
140 19 0.0
140 24 0.0
140 33 0.0
140 59 0.020725388
140 60 0.020725388
141 4 0.0
141 19 0.0
141 45 0.0
141 138 0.0
141 142 0.44827586
141 165 0.03448276
142 104 0.004201681
142 116 0.004201681
143 17 0.0
143 27 0.0
143 146 0.0
144 4 0.0
144 9 0.0
144 15 0.0
144 143 0.0
144 150 0.0
145 1 0.0
145 2 0.0
145 3 0.02173913
145 4 0.08695652
145 23 0.0
145 28 0.0
145 35 0.0
145 36 0.0
145 42 0.0
145 56 0.02173913
145 90 0.0
145 91 0.0
145 135 0.0
145 137 0.0
145 143 0.0
146 3 0.10714286
146 4 0.0023809525
146 5 0.042857144
146 13 0.09761905
146 19 0.0
146 112 0.0
146 185 0.030952381
147 4 0.0
147 5 0.015429122
147 112 0.0
148 6 0.0
148 25 0.0
148 54 0.0
148 57 0.0
148 60 0.0
148 110 0.0
148 186 0.0
148 228 0.0
148 229 0.0
149 4 0.0
149 19 0.0
150 1 0.0
150 4 0.0
150 16 0.0
150 25 0.0
150 29 0.0
150 35 0.0
150 36 0.0
150 60 0.0
150 75 0.6111111
150 143 0.0
150 144 0.0
150 229 0.0
151 4 0.0
152 36 0.029411765
152 52 0.052941177
153 1 0.0
153 2 0.0078125
153 4 0.0
153 19 0.0
153 42 0.0
153 64 0.0234375
153 105 0.0
153 112 0.0
153 155 0.0234375
153 229 0.0234375
154 4 0.005424955
154 24 0.0
154 212 0.009041592
155 0 0.09761905
155 19 0.0
155 23 0.0
155 24 0.026190476
155 32 0.0
155 42 0.0
155 135 0.0023809525
156 4 0.0
156 11 0.0
156 25 0.0
156 135 0.0
156 160 0.0
157 45 0.0
158 121 0.009643202
158 154 0.22661524
159 140 0.0
160 161 0.030952381
161 4 0.0
161 13 0.0
161 19 0.0
161 24 0.03448276
162 3 0.0
162 4 0.043360434
162 6 0.02710027
162 13 0.02710027
162 19 0.0
162 24 0.0
162 49 0.0
163 17 0.0
163 27 0.0
163 96 0.0
163 136 0.0
163 192 0.0
164 3 0.0
164 4 0.13333334
164 5 0.6888889
164 9 0.0
164 63 0.0
164 129 0.0
165 5 0.015429122
165 34 0.0
165 46 0.005785921
165 61 0.22661524
165 72 0.030858245
165 73 0.013500482
165 104 0.005785921
165 108 0.0028929606
165 166 0.006750241
165 216 0.072324015
165 221 0.0028929606
166 2 0.0
166 4 0.0
166 5 0.04347826
166 24 0.0
166 77 0.17391305
167 4 0.0
167 16 0.046511628
167 60 0.023255814
167 71 0.0
167 101 0.023255814
168 4 0.015075377
169 6 0.22661524
169 65 0.013500482
169 76 0.22661524
169 128 0.023143684
169 145 0.015429122
169 171 0.0
169 174 9.6432015E-4
169 197 0.0028929606
170 4 0.0
170 113 0.0
170 158 0.09259259
171 13 0.0
171 101 0.09836066
172 15 0.008403362
172 24 0.0
173 4 0.0
173 25 0.0
173 32 0.0
173 39 0.0
174 4 0.0
175 128 0.023143684
175 145 0.015429122
175 197 0.0028929606
176 14 0.0
176 111 0.09859155
176 113 0.0
176 177 0.028169014
177 6 0.0
178 77 0.0
179 4 0.0
179 6 0.075630255
179 9 0.004201681
179 13 0.075630255
179 23 0.0
179 24 0.0
179 42 0.0
180 145 0.0
180 172 0.0
181 0 0.04117647
181 4 0.0
181 24 0.0
181 57 0.0
181 59 0.052941177
182 14 0.0
182 46 0.2580645
182 161 0.0
182 229 0.0
183 4 0.0
183 6 0.075630255
183 13 0.075630255
183 23 0.0
183 39 0.008403362
183 94 0.075630255
183 101 0.004201681
183 186 0.0
184 4 0.043360434
184 6 0.02710027
184 189 0.0
185 4 0.0
185 23 0.0
185 32 0.0
186 7 0.06666667
186 19 0.0
186 56 0.0
186 88 0.0
186 136 0.0
186 196 0.0
187 84 0.072324015
187 112 0.0
187 169 0.015429122
188 4 0.005424955
188 5 0.034358047
188 9 0.009041592
188 19 0.0
188 30 0.028933093
188 33 0.32188064
188 34 0.0036166366
188 40 0.034358047
188 48 0.32188064
188 52 0.034358047
188 73 0.009041592
188 108 0.047016274
188 110 0.034358047
188 150 0.005424955
189 11 0.027777778
189 229 0.0
190 6 0.0
190 30 0.0
190 48 0.08163265
190 52 0.0
190 109 0.020408163
191 4 0.0
191 16 0.0
191 149 0.0
192 4 0.03773585
192 5 0.6981132
193 1 9.6432015E-4
193 57 0.005785921
194 4 0.005424955
194 103 0.034358047
194 181 0.0018083183
195 4 0.0
195 6 0.027777778
195 19 0.0
195 42 0.0
195 48 0.0
195 56 0.19444445
195 59 0.027777778
195 103 0.027777778
196 4 0.0
196 10 0.0
196 11 0.16666667
196 12 0.0
196 19 0.0
196 45 0.0
196 181 0.0
197 4 0.043360434
197 9 0.17073171
197 21 0.02710027
197 24 0.0
197 38 0.0
197 94 0.02710027
197 101 0.17073171
197 108 0.0
198 57 0.0
198 67 0.0
199 6 0.22661524
199 42 9.6432015E-4
199 54 0.015429122
199 128 0.023143684
199 138 0.009643202
199 197 0.0028929606
200 76 0.005235602
200 163 0.0
201 120 0.0
201 192 0.0
202 80 0.0
203 2 0.017777778
203 4 0.0
203 51 0.0
203 216 0.026666667
204 13 0.1971831
205 121 0.0036166366
206 149 0.0
207 1 0.0
207 56 0.1758794
208 209 0.16386555
208 222 0.0
209 4 0.0
209 59 0.005235602
210 211 0.079178885
211 6 0.0044444446
211 138 0.0
212 96 0.0
213 4 0.0
214 113 0.0
214 146 0.12565444
214 186 0.0
215 4 0.0
215 25 0.0
215 229 0.0
216 19 0.0
216 29 0.0058651026
216 34 0.0058651026
217 4 0.0
218 110 0.0
219 119 0.0
220 10 0.0
220 25 0.0
220 28 0.0
220 54 0.08163265
220 57 0.0
220 129 0.0
220 229 0.08163265
221 9 0.0
222 51 0.0
223 4 0.0952381
223 8 0.0
223 25 0.0
223 29 0.0
223 45 0.0
223 57 0.0
223 75 0.23809524
223 78 0.0
223 229 0.04761905
224 24 0.025641026
225 51 0.0
226 4 0.0
227 30 0.0028929606
228 136 0.0
229 0 0.09761905
229 2 0.08809524
229 4 0.0023809525
229 5 0.042857144
229 14 0.0
229 19 0.0
229 21 0.09761905
229 23 0.0
229 24 0.026190476
229 27 0.007142857
229 33 0.0
229 34 0.016666668
229 40 0.042857144
229 44 0.0
229 46 0.007142857
229 59 0.042857144
229 60 0.01904762
229 63 0.05952381
229 66 0.0
229 90 0.08809524
229 139 0.0023809525
229 146 0.0
